
=== PROSPECT #1 FULL BLOCK DUMP ===
Name: Francis Mauigoa
PID: 10329
Block offset: 0x46

0x0000: 7b 22 62 6f 64 79 54 79 70 65 22 3a 22 48 65 61  | {"bodyType":"Hea
0x0010: 76 79 22 2c 22 67 65 6e 65 72 69 63 48 65 61 64  | vy","genericHead
0x0020: 4e 61 6d 65 22 3a 22 67 65 6e 5f 35 5f 4d 5f 4d  | Name":"gen_5_M_M
0x0030: 5f 30 30 35 22 2c 22 6c 6f 61 64 6f 75 74 73 22  | _005","loadouts"
0x0040: 3a 5b 7b 22 6c 6f 61 64 6f 75 74 43 61 74 65 67  | :[{"loadoutCateg
0x0050: 6f 72 79 22 3a 22 48 65 61 64 22 2c 22 6c 6f 61  | ory":"Head","loa
0x0060: 64 6f 75 74 54 79 70 65 22 3a 22 48 65 61 64 22  | doutType":"Head"
0x0070: 2c 22 6c 6f 61 64 6f 75 74 45 6c 65 6d 65 6e 74  | ,"loadoutElement
0x0080: 73 22 3a 5b 7b 22 62 6c 65 6e 64 73 22 3a 5b 7b  | s":[{"blends":[{
0x0090: 7d 5d 2c 22 69 74 65 6d 49 6e 73 74 61 6e 63 65  | }],"itemInstance
0x00a0: 54 61 67 22 3a 22 48 65 61 64 5f 53 6b 69 6e 44  | Tag":"Head_SkinD
0x00b0: 65 74 61 69 6c 73 5f 4e 6f 6e 65 22 2c 22 69 74  | etails_None","it
0x00c0: 65 6d 41 73 73 65 74 4e 61 6d 65 22 3a 22 48 65  | emAssetName":"He
0x00d0: 61 64 5f 53 6b 69 6e 44 65 74 61 69 6c 73 5f 4e  | ad_SkinDetails_N
0x00e0: 6f 6e 65 22 2c 22 73 6c 6f 74 54 79 70 65 22 3a  | one","slotType":
0x00f0: 22 46 61 63 65 54 65 78 74 75 72 65 22 2c 22 74  | "FaceTexture","t
0x0100: 72 61 6e 73 66 6f 72 6d 73 22 3a 5b 7b 7d 5d 7d  | ransforms":[{}]}
0x0110: 5d 7d 2c 7b 22 6c 6f 61 64 6f 75 74 43 61 74 65  | ]},{"loadoutCate
0x0120: 67 6f 72 79 22 3a 22 42 61 73 65 22 2c 22 6c 6f  | gory":"Base","lo
0x0130: 61 64 6f 75 74 45 6c 65 6d 65 6e 74 73 22 3a 5b  | adoutElements":[
0x0140: 7b 22 69 74 65 6d 41 73 73 65 74 4e 61 6d 65 22  | {"itemAssetName"
0x0150: 3a 22 48 65 61 76 79 5f 42 6f 64 79 54 79 70 65  | :"Heavy_BodyType
0x0160: 22 2c 22 73 6c 6f 74 54 79 70 65 22 3a 22 43 68  | ","slotType":"Ch
0x0170: 61 72 61 63 74 65 72 42 6f 64 79 54 79 70 65 22  | aracterBodyType"
0x0180: 7d 5d 7d 2c 7b 22 6c 6f 61 64 6f 75 74 54 79 70  | }]},{"loadoutTyp
0x0190: 65 22 3a 22 50 6c 61 79 65 72 4f 6e 46 69 65 6c  | e":"PlayerOnFiel
0x01a0: 64 22 2c 22 6f 75 74 66 69 74 54 79 70 65 22 3a  | d","outfitType":
0x01b0: 22 46 69 65 6c 64 22 2c 22 6c 6f 61 64 6f 75 74  | "Field","loadout
0x01c0: 45 6c 65 6d 65 6e 74 73 22 3a 5b 7b 22 69 74 65  | Elements":[{"ite
0x01d0: 6d 41 73 73 65 74 4e 61 6d 65 22 3a 22 47 65 61  | mAssetName":"Gea
0x01e0: 72 48 61 6e 64 5f 67 6c 6f 76 65 5f 55 6e 64 65  | rHand_glove_Unde
0x01f0: 72 41 72 6d 6f 75 72 49 6e 66 72 61 72 65 64 5f  | rArmourInfrared_
0x0200: 57 68 69 74 65 22 2c 22 73 6c 6f 74 54 79 70 65  | White","slotType
0x0210: 22 3a 22 52 69 67 68 74 48 61 6e 64 57 65 61 72  | ":"RightHandWear
0x0220: 22 7d 2c 7b 22 69 74 65 6d 41 73 73 65 74 4e 61  | "},{"itemAssetNa
0x0230: 6d 65 22 3a 22 47 65 61 72 46 61 63 65 4d 61 73  | me":"GearFaceMas
0x0240: 6b 5f 53 70 65 65 64 66 6c 65 78 52 6f 62 6f 74  | k_SpeedflexRobot
0x0250: 52 42 22 7d 2c 7b 22 69 74 65 6d 41 73 73 65 74  | RB"},{"itemAsset
0x0260: 4e 61 6d 65 22 3a 22 45 6c 62 6f 77 47 65 61 72  | Name":"ElbowGear
0x0270: 5f 4e 6f 6e 65 22 2c 22 73 6c 6f 74 54 79 70 65  | _None","slotType
0x0280: 22 3a 22 4c 65 66 74 45 6c 62 6f 77 57 65 61 72  | ":"LeftElbowWear
0x0290: 22 7d 2c 7b 22 69 74 65 6d 41 73 73 65 74 4e 61  | "},{"itemAssetNa
0x02a0: 6d 65 22 3a 22 45 6c 62 6f 77 47 65 61 72 5f 4e  | me":"ElbowGear_N
0x02b0: 6f 6e 65 22 2c 22 73 6c 6f 74 54 79 70 65 22 3a  | one","slotType":
0x02c0: 22 52 69 67 68 74 45 6c 62 6f 77 57 65 61 72 22  | "RightElbowWear"
0x02d0: 7d 2c 7b 22 62 6c 65 6e 64 73 22 3a 5b 7b 7d 5d  | },{"blends":[{}]
0x02e0: 2c 22 69 74 65 6d 41 73 73 65 74 4e 61 6d 65 22  | ,"itemAssetName"
0x02f0: 3a 22 53 6d 61 6c 6c 5f 50 61 64 73 22 2c 22 73  | :"Small_Pads","s
0x0300: 6c 6f 74 54 79 70 65 22 3a 22 53 68 6f 75 6c 64  | lotType":"Should
0x0310: 65 72 70 61 64 73 22 7d 2c 7b 22 69 74 65 6d 41  | erpads"},{"itemA
0x0320: 73 73 65 74 4e 61 6d 65 22 3a 22 47 65 61 72 56  | ssetName":"GearV
0x0330: 69 73 6f 72 5f 76 69 73 6f 72 4f 61 6b 6c 65 79  | isor_visorOakley
0x0340: 5f 63 6c 65 61 72 22 2c 22 73 6c 6f 74 54 79 70  | _clear","slotTyp
0x0350: 65 22 3a 22 56 69 73 6f 72 22 7d 2c 7b 22 62 6c  | e":"Visor"},{"bl
0x0360: 65 6e 64 73 22 3a 5b 7b 7d 5d 2c 22 69 74 65 6d  | ends":[{}],"item
0x0370: 41 73 73 65 74 4e 61 6d 65 22 3a 22 4b 6e 65 65  | AssetName":"Knee
0x0380: 50 61 64 5f 52 65 67 75 6c 61 72 22 2c 22 73 6c  | Pad_Regular","sl
0x0390: 6f 74 54 79 70 65 22 3a 22 4b 6e 65 65 57 65 61  | otType":"KneeWea
0x03a0: 72 22 7d 2c 7b 22 69 74 65 6d 41 73 73 65 74 4e  | r"},{"itemAssetN
0x03b0: 61 6d 65 22 3a 22 54 6f 77 65 6c 5f 45 61 73 74  | ame":"Towel_East
0x03c0: 22 2c 22 73 6c 6f 74 54 79 70 65 22 3a 22 54 6f  | ","slotType":"To
0x03d0: 77 65 6c 22 7d 2c 7b 22 62 6c 65 6e 64 73 22 3a  | wel"},{"blends":
0x03e0: 5b 7b 7d 5d 2c 22 69 74 65 6d 41 73 73 65 74 4e  | [{}],"itemAssetN
0x03f0: 61 6d 65 22 3a 22 54 68 69 67 68 50 61 64 5f 52  | ame":"ThighPad_R
0x0400: 65 67 75 6c 61 72 22 2c 22 73 6c 6f 74 54 79 70  | egular","slotTyp
0x0410: 65 22 3a 22 4c 65 66 74 54 68 69 67 68 57 65 61  | e":"LeftThighWea
0x0420: 72 22 7d 2c 7b 22 62 6c 65 6e 64 73 22 3a 5b 7b  | r"},{"blends":[{
0x0430: 7d 5d 2c 22 69 74 65 6d 41 73 73 65 74 4e 61 6d  | }],"itemAssetNam
0x0440: 65 22 3a 22 54 68 69 67 68 50 61 64 5f 52 65 67  | e":"ThighPad_Reg
0x0450: 75 6c 61 72 22 2c 22 73 6c 6f 74 54 79 70 65 22  | ular","slotType"
0x0460: 3a 22 52 69 67 68 74 54 68 69 67 68 57 65 61 72  | :"RightThighWear
0x0470: 22 7d 2c 7b 22 69 74 65 6d 41 73 73 65 74 4e 61  | "},{"itemAssetNa
0x0480: 6d 65 22 3a 22 47 65 61 72 57 72 69 73 74 5f 77  | me":"GearWrist_w
0x0490: 72 69 73 74 54 61 70 65 64 4d 61 78 5f 57 68 69  | ristTapedMax_Whi
0x04a0: 74 65 22 2c 22 73 6c 6f 74 54 79 70 65 22 3a 22  | te","slotType":"
0x04b0: 4c 65 66 74 57 72 69 73 74 57 65 61 72 22 7d 2c  | LeftWristWear"},
0x04c0: 7b 22 69 74 65 6d 41 73 73 65 74 4e 61 6d 65 22  | {"itemAssetName"
0x04d0: 3a 22 46 61 63 65 4d 61 72 6b 73 5f 4e 6f 6e 65  | :"FaceMarks_None
0x04e0: 22 2c 22 73 6c 6f 74 54 79 70 65 22 3a 22 46 61  | ","slotType":"Fa
0x04f0: 63 65 50 61 69 6e 74 22 7d 2c 7b 22 69 74 65 6d  | cePaint"},{"item
0x0500: 41 73 73 65 74 4e 61 6d 65 22 3a 22 47 65 61 72  | AssetName":"Gear
0x0510: 57 72 69 73 74 5f 77 72 69 73 74 54 61 70 65 64  | Wrist_wristTaped
0x0520: 4d 61 78 5f 57 68 69 74 65 22 2c 22 73 6c 6f 74  | Max_White","slot
0x0530: 54 79 70 65 22 3a 22 52 69 67 68 74 57 72 69 73  | Type":"RightWris
0x0540: 74 57 65 61 72 22 7d 2c 7b 22 69 74 65 6d 41 73  | tWear"},{"itemAs
0x0550: 73 65 74 4e 61 6d 65 22 3a 22 47 65 61 72 53 70  | setName":"GearSp
0x0560: 61 74 73 5f 73 70 61 74 54 68 69 6e 5f 42 6c 61  | ats_spatThin_Bla
0x0570: 63 6b 22 2c 22 73 6c 6f 74 54 79 70 65 22 3a 22  | ck","slotType":"
0x0580: 52 69 67 68 74 53 70 61 74 22 7d 2c 7b 22 69 74  | RightSpat"},{"it
0x0590: 65 6d 41 73 73 65 74 4e 61 6d 65 22 3a 22 47 65  | emAssetName":"Ge
0x05a0: 61 72 53 70 61 74 73 5f 73 70 61 74 54 68 69 6e  | arSpats_spatThin
0x05b0: 5f 42 6c 61 63 6b 22 2c 22 73 6c 6f 74 54 79 70  | _Black","slotTyp
0x05c0: 65 22 3a 22 4c 65 66 74 53 70 61 74 22 7d 2c 7b  | e":"LeftSpat"},{
0x05d0: 22 69 74 65 6d 41 73 73 65 74 4e 61 6d 65 22 3a  | "itemAssetName":
0x05e0: 22 47 65 61 72 5f 4a 65 72 73 65 79 53 74 79 6c  | "Gear_JerseyStyl
0x05f0: 65 5f 53 6c 65 65 76 65 54 69 67 68 74 22 2c 22  | e_SleeveTight","
0x0600: 73 6c 6f 74 54 79 70 65 22 3a 22 4f 75 74 65 72  | slotType":"Outer
0x0610: 53 68 69 72 74 22 7d 2c 7b 22 69 74 65 6d 41 73  | Shirt"},{"itemAs
0x0620: 73 65 74 4e 61 6d 65 22 3a 22 47 65 61 72 46 6f  | setName":"GearFo
0x0630: 6f 74 77 65 61 72 5f 73 68 6f 65 5f 68 69 67 68  | otwear_shoe_high
0x0640: 5f 55 6e 64 65 72 41 72 6d 6f 75 72 48 61 6d 6d  | _UnderArmourHamm
0x0650: 65 72 32 30 32 34 22 2c 22 73 6c 6f 74 54 79 70  | er2024","slotTyp
0x0660: 65 22 3a 22 4c 65 66 74 53 68 6f 65 22 7d 2c 7b  | e":"LeftShoe"},{
0x0670: 22 69 74 65 6d 41 73 73 65 74 4e 61 6d 65 22 3a  | "itemAssetName":
0x0680: 22 47 65 61 72 46 6f 6f 74 77 65 61 72 5f 73 68  | "GearFootwear_sh
0x0690: 6f 65 5f 68 69 67 68 5f 55 6e 64 65 72 41 72 6d  | oe_high_UnderArm
0x06a0: 6f 75 72 48 61 6d 6d 65 72 32 30 32 34 22 2c 22  | ourHammer2024","
0x06b0: 73 6c 6f 74 54 79 70 65 22 3a 22 52 69 67 68 74  | slotType":"Right
0x06c0: 53 68 6f 65 22 7d 2c 7b 22 69 74 65 6d 41 73 73  | Shoe"},{"itemAss
0x06d0: 65 74 4e 61 6d 65 22 3a 22 47 65 61 72 48 65 6c  | etName":"GearHel
0x06e0: 6d 65 74 5f 53 70 65 65 64 5f 46 6c 65 78 22 2c  | met_Speed_Flex",
0x06f0: 22 73 6c 6f 74 54 79 70 65 22 3a 22 48 65 61 64  | "slotType":"Head
0x0700: 57 65 61 72 22 7d 2c 7b 22 69 74 65 6d 41 73 73  | Wear"},{"itemAss
0x0710: 65 74 4e 61 6d 65 22 3a 22 47 65 61 72 5f 53 6f  | etName":"Gear_So
0x0720: 63 6b 73 5f 4c 6f 77 22 2c 22 73 6c 6f 74 54 79  | cks_Low","slotTy
0x0730: 70 65 22 3a 22 49 6e 6e 65 72 53 6f 63 6b 73 22  | pe":"InnerSocks"
0x0740: 7d 2c 7b 22 69 74 65 6d 41 73 73 65 74 4e 61 6d  | },{"itemAssetNam
0x0750: 65 22 3a 22 47 65 61 72 41 72 6d 53 6c 65 65 76  | e":"GearArmSleev
0x0760: 65 5f 51 75 61 72 74 65 72 5f 73 6c 65 65 76 65  | e_Quarter_sleeve
0x0770: 4c 6f 6e 67 55 6e 64 65 72 61 72 6d 6f 72 5f 6e  | LongUnderarmor_n
0x0780: 6f 72 6d 61 6c 5f 57 68 69 74 65 22 2c 22 73 6c  | ormal_White","sl
0x0790: 6f 74 54 79 70 65 22 3a 22 4c 65 66 74 41 72 6d  | otType":"LeftArm
0x07a0: 57 65 61 72 22 7d 2c 7b 22 69 74 65 6d 41 73 73  | Wear"},{"itemAss
0x07b0: 65 74 4e 61 6d 65 22 3a 22 47 65 61 72 41 72 6d  | etName":"GearArm
0x07c0: 53 6c 65 65 76 65 5f 51 75 61 72 74 65 72 5f 73  | Sleeve_Quarter_s
0x07d0: 6c 65 65 76 65 4c 6f 6e 67 55 6e 64 65 72 61 72  | leeveLongUnderar
0x07e0: 6d 6f 72 5f 6e 6f 72 6d 61 6c 5f 57 68 69 74 65  | mor_normal_White
0x07f0: 22 2c 22 73 6c 6f 74 54 79 70 65 22 3a 22 52 69  | ","slotType":"Ri
0x0800: 67 68 74 41 72 6d 57 65 61 72 22 7d 2c 7b 22 69  | ghtArmWear"},{"i
0x0810: 74 65 6d 41 73 73 65 74 4e 61 6d 65 22 3a 22 47  | temAssetName":"G
0x0820: 65 61 72 48 61 6e 64 5f 67 6c 6f 76 65 5f 55 6e  | earHand_glove_Un
0x0830: 64 65 72 41 72 6d 6f 75 72 49 6e 66 72 61 72 65  | derArmourInfrare
0x0840: 64 5f 57 68 69 74 65 22 2c 22 73 6c 6f 74 54 79  | d_White","slotTy
0x0850: 70 65 22 3a 22 4c 65 66 74 48 61 6e 64 57 65 61  | pe":"LeftHandWea
0x0860: 72 22 7d 5d 7d 5d 2c 22 73 6b 69 6e 54 6f 6e 65  | r"}]}],"skinTone
0x0870: 22 3a 35 7d 00 00 00 00 00 00 00 00 00 00 00 00  | ":5}............
0x0880: 00 00 00 00 00 00 00 00 00 00 00 00 00 00 00 00  | ................
0x0890: 00 00 00 00 00 00 00 00 00 00 00 00 00 00 00 00  | ................
0x08a0: 00 00 00 00 00 00 00 00 00 00 00 00 00 00 00 00  | ................
0x08b0: 00 00 00 00 00 00 00 00 00 00 00 00 00 00 00 00  | ................
0x08c0: 00 00 00 00 00 00 00 00 00 00 00 00 00 00 00 00  | ................
0x08d0: 00 00 00 00 00 00 00 00 00 00 00 00 00 00 00 00  | ................
0x08e0: 00 00 00 00 00 00 00 00 00 00 00 00 00 00 00 00  | ................
0x08f0: 00 00 00 00 00 00 00 00 00 00 00 00 00 00 00 00  | ................
0x0900: 00 00 00 00 00 00 00 00 00 00 00 00 00 00 00 00  | ................
0x0910: 00 00 00 00 00 00 00 00 00 00 00 00 00 00 00 00  | ................
0x0920: 00 00 00 00 00 00 00 00 00 00 00 00 00 00 00 00  | ................
0x0930: 00 00 00 00 00 00 00 00 00 00 00 00 00 00 00 00  | ................
0x0940: 00 00 00 00 00 00 00 00 00 00 00 00 00 00 00 00  | ................
0x0950: 00 00 00 00 00 00 00 00 00 00 00 00 00 00 00 00  | ................
0x0960: 00 00 00 00 00 00 00 00 00 00 00 00 00 00 00 00  | ................
0x0970: 00 00 00 00 00 00 00 00 00 00 00 00 00 00 00 00  | ................
0x0980: 00 00 00 00 00 00 00 00 00 00 00 00 00 00 00 00  | ................
0x0990: 00 00 00 00 00 00 00 00 00 00 00 00 00 00 00 00  | ................
0x09a0: 00 00 00 00 00 00 00 00 00 00 00 00 00 00 00 00  | ................
0x09b0: 00 00 00 00 00 00 00 00 00 00 00 00 00 00 00 00  | ................
0x09c0: 00 00 00 00 00 00 00 00 00 00 00 00 00 00 00 00  | ................
0x09d0: 00 00 00 00 00 00 00 00 00 00 00 00 00 00 00 00  | ................
0x09e0: 00 00 00 00 00 00 00 00 00 00 00 00 00 00 00 00  | ................
0x09f0: 00 00 00 00 00 00 00 00 00 00 00 00 00 00 00 00  | ................
0x0a00: 00 00 00 00 00 00 00 00 00 00 00 00 00 00 00 00  | ................
0x0a10: 00 00 00 00 00 00 00 00 00 00 00 00 00 00 00 00  | ................
0x0a20: 00 00 00 00 00 00 00 00 00 00 00 00 00 00 00 00  | ................
0x0a30: 00 00 00 00 00 00 00 00 00 00 00 00 00 00 00 00  | ................
0x0a40: 00 00 00 00 00 00 00 00 00 00 00 00 00 00 00 00  | ................
0x0a50: 00 00 00 00 00 00 00 00 00 00 00 00 00 00 00 00  | ................
0x0a60: 00 00 00 00 00 00 00 00 00 00 00 00 00 00 00 00  | ................
0x0a70: 00 00 00 00 00 00 00 00 00 00 00 00 00 00 00 00  | ................
0x0a80: 00 00 00 00 00 00 00 00 00 00 00 00 00 00 00 00  | ................
0x0a90: 00 00 00 00 00 00 00 00 00 00 00 00 00 00 00 00  | ................
0x0aa0: 00 00 00 00 00 00 00 00 00 00 00 00 00 00 00 00  | ................
0x0ab0: 00 00 00 00 00 00 00 00 00 00 00 00 00 00 00 00  | ................
0x0ac0: 00 00 00 00 00 00 00 00 00 00 00 00 00 00 00 00  | ................
0x0ad0: 00 00 00 00 00 00 00 00 00 00 00 00 00 00 00 00  | ................
0x0ae0: 00 00 00 00 00 00 00 00 00 00 00 00 00 00 00 00  | ................
0x0af0: 00 00 00 00 00 00 00 00 00 00 00 00 00 00 00 00  | ................
0x0b00: 00 00 00 00 00 00 00 00 00 00 00 00 00 00 00 00  | ................
0x0b10: 00 00 00 00 00 00 00 00 00 00 00 00 00 00 00 00  | ................
0x0b20: 00 00 00 00 00 00 00 00 00 00 00 00 00 00 00 00  | ................
0x0b30: 00 00 00 00 00 00 00 00 00 00 00 00 00 00 00 00  | ................
0x0b40: 00 00 00 00 00 00 00 00 00 00 00 00 00 00 00 00  | ................
0x0b50: 00 00 00 00 00 00 00 00 00 00 00 00 00 00 00 00  | ................
0x0b60: 00 00 00 00 00 00 00 00 00 00 00 00 00 00 00 00  | ................
0x0b70: 00 00 00 00 00 00 00 00 00 00 00 00 00 00 00 00  | ................
0x0b80: 00 00 00 00 00 00 00 00 00 00 00 00 00 00 00 00  | ................
0x0b90: 00 00 00 00 00 00 00 00 00 00 00 00 00 00 00 00  | ................
0x0ba0: 00 00 00 00 00 00 00 00 00 00 00 00 00 00 00 00  | ................
0x0bb0: 00 00 00 00 00 00 00 00 00 00 00 00 00 00 00 00  | ................
0x0bc0: 00 00 00 00 00 00 00 00 00 00 00 00 00 00 00 00  | ................
0x0bd0: 00 00 00 00 00 00 00 00 00 00 00 00 00 00 00 00  | ................
0x0be0: 00 00 00 00 00 00 00 00 00 00 00 00 00 00 00 00  | ................
0x0bf0: 00 00 00 00 00 00 00 00 00 00 00 00 00 00 00 00  | ................
0x0c00: 00 00 00 00 00 00 00 00 00 00 00 00 00 00 00 00  | ................
0x0c10: 00 00 00 00 00 00 00 00 00 00 00 00 00 00 00 00  | ................
0x0c20: 00 00 00 00 00 00 00 00 00 00 00 00 00 00 00 00  | ................
0x0c30: 00 00 00 00 00 00 00 00 00 00 00 00 00 00 00 00  | ................
0x0c40: 00 00 00 00 00 00 00 00 00 00 00 00 00 00 00 00  | ................
0x0c50: 00 00 00 00 00 00 00 00 00 00 00 00 00 00 00 00  | ................
0x0c60: 00 00 00 00 00 00 00 00 00 00 00 00 00 00 00 00  | ................
0x0c70: 00 00 00 00 00 00 00 00 00 00 00 00 00 00 00 00  | ................
0x0c80: 00 00 00 00 00 00 00 00 00 00 00 00 00 00 00 00  | ................
0x0c90: 00 00 00 00 00 00 00 00 00 00 00 00 00 00 00 00  | ................
0x0ca0: 00 00 00 00 00 00 00 00 00 00 00 00 00 00 00 00  | ................
0x0cb0: 00 00 00 00 00 00 00 00 00 00 00 00 00 00 00 00  | ................
0x0cc0: 00 00 00 00 00 00 00 00 00 00 00 00 00 00 00 00  | ................
0x0cd0: 00 00 00 00 00 00 00 00 00 00 00 00 00 00 00 00  | ................
0x0ce0: 00 00 00 00 00 00 00 00 00 00 00 00 00 00 00 00  | ................
0x0cf0: 00 00 00 00 00 00 00 00 00 00 00 00 00 00 00 00  | ................
0x0d00: 00 00 00 00 00 00 00 00 00 00 00 00 00 00 00 00  | ................
0x0d10: 00 00 00 00 00 00 00 00 00 00 00 00 00 00 00 00  | ................
0x0d20: 00 00 00 00 00 00 00 00 00 00 00 00 00 00 00 00  | ................
0x0d30: 00 00 00 00 00 00 00 00 00 00 00 00 00 00 00 00  | ................
0x0d40: 00 00 00 00 00 00 00 00 00 00 00 00 00 00 00 00  | ................
0x0d50: 00 00 00 00 00 00 00 00 00 00 00 00 00 00 00 00  | ................
0x0d60: 00 00 00 00 00 00 00 00 00 00 00 00 00 00 00 00  | ................
0x0d70: 00 00 00 00 00 00 00 00 00 00 00 00 00 00 00 00  | ................
0x0d80: 00 00 00 00 00 00 00 00 00 00 00 00 00 00 00 00  | ................
0x0d90: 00 00 00 00 00 00 00 00 00 00 00 00 00 00 00 00  | ................
0x0da0: 00 00 00 00 00 00 00 00 00 00 00 00 00 00 00 00  | ................
0x0db0: 00 00 00 00 00 00 00 00 00 00 00 00 00 00 00 00  | ................
0x0dc0: 00 00 00 00 00 00 00 00 00 00 00 00 00 00 00 00  | ................
0x0dd0: 00 00 00 00 00 00 00 00 00 00 00 00 00 00 00 00  | ................
0x0de0: 00 00 00 00 00 00 00 00 00 00 00 00 00 00 00 00  | ................
0x0df0: 00 00 00 00 00 00 00 00 00 00 00 00 00 00 00 00  | ................
0x0e00: 00 00 00 00 00 00 00 00 00 00 00 00 00 00 00 00  | ................
0x0e10: 00 00 00 00 00 00 00 00 00 00 00 00 00 00 00 00  | ................
0x0e20: 00 00 00 00 00 00 00 00 00 00 00 00 00 00 00 00  | ................
0x0e30: 00 00 00 00 00 00 00 00 00 00 00 00 00 00 00 00  | ................
0x0e40: 00 00 00 00 00 00 00 00 00 00 00 00 00 00 00 00  | ................
0x0e50: 00 00 00 00 00 00 00 00 00 00 00 00 00 00 00 00  | ................
0x0e60: 00 00 00 00 00 00 00 00 00 00 00 00 00 00 00 00  | ................
0x0e70: 00 00 00 00 00 00 00 00 00 00 00 00 00 00 00 00  | ................
0x0e80: 00 00 00 00 00 00 00 00 00 00 00 00 00 00 00 00  | ................
0x0e90: 00 00 00 00 00 00 00 00 00 00 00 00 00 00 00 00  | ................
0x0ea0: 00 00 00 00 00 00 00 00 00 00 00 00 00 00 00 00  | ................
0x0eb0: 00 00 00 00 00 00 00 00 00 00 00 00 00 00 00 00  | ................
0x0ec0: 00 00 00 00 00 00 00 00 00 00 00 00 00 00 00 00  | ................
0x0ed0: 00 00 00 00 00 00 00 00 00 00 00 00 00 00 00 00  | ................
0x0ee0: 00 00 00 00 00 00 00 00 00 00 00 00 00 00 00 00  | ................
0x0ef0: 00 00 00 00 00 00 00 00 00 00 00 00 00 00 00 00  | ................
0x0f00: 00 00 00 00 00 00 00 00 00 00 00 00 00 00 00 00  | ................
0x0f10: 00 00 00 00 00 00 00 00 00 00 00 00 00 00 00 00  | ................
0x0f20: 00 00 00 00 00 00 00 00 00 00 00 00 00 00 00 00  | ................
0x0f30: 00 00 00 00 00 00 00 00 00 00 00 00 00 00 00 00  | ................
0x0f40: 00 00 00 00 00 00 00 00 00 00 00 00 00 00 00 00  | ................
0x0f50: 00 00 00 00 00 00 00 00 00 00 00 00 00 00 00 00  | ................
0x0f60: 00 00 00 00 00 00 00 00 00 00 00 00 00 00 00 00  | ................
0x0f70: 00 00 00 00 00 00 00 00 00 00 00 00 00 00 00 00  | ................
0x0f80: 00 00 00 00 00 00 00 00 00 00 00 00 00 00 00 00  | ................
0x0f90: 00 00 00 00 00 00 00 00 00 00 00 00 00 00 00 00  | ................
0x0fa0: 00 00 00 00 00 00 00 00 00 00 00 00 00 00 00 00  | ................
0x0fb0: 00 00 00 00 00 00 00 00 00 00 00 00 00 00 00 00  | ................
0x0fc0: 00 00 00 00 00 00 00 00 00 00 00 00 00 00 00 00  | ................
0x0fd0: 00 00 00 00 00 00 00 00 00 00 00 00 00 00 00 00  | ................
0x0fe0: 00 00 00 00 00 00 00 00 00 00 00 00 00 00 00 00  | ................
0x0ff0: 00 00 00 00 00 00 00 00 00 00 00 00 00 00 00 00  | ................
0x1000: 46 72 61 6e 63 69 73 00 00 00 00 00 00 00 00 00  | Francis.........
0x1010: 00 4d 61 75 69 67 6f 61 00 00 00 00 00 00 00 00  | .Mauigoa........
0x1020: 00 00 00 00 00 00 09 50 4c 41 43 45 48 4f 4c 44  | .......PLACEHOLD
0x1030: 45 52 00 00 00 00 00 00 00 00 00 00 00 00 00 00  | ER..............
0x1040: 00 00 74 00 67 7f 15 4e 9b 00 05 20 3d 00 04 00  | ..t.g..N... =...
0x1050: 01 50 50 4b 4a 2c 39 26 2c 35 21 1e 38 30 3d 57  | .PPKJ,9&,5!.80=W
0x1060: 5f 1d 48 19 2d 1f 4d 7f 21 49 54 50 4b 2f 2c 3d  | _.H.-.M.!ITPK/,=
0x1070: 20 23 2d 1f 1d 21 55 53 54 01 20 3f 21 5a 2a 5c  |  #-..!UST. ?!Z*\
0x1080: 2d 10 15 0b 20 1a 1e 2e 60 2c 23 32 02 00 00 00  | -... ...`,#2....
0x1090: 00 00 59 28 00 00 00 00 00 00 48 00 ff 7f 00 00  | ..Y(......H.....
0x10a0: 00 00 00 00 00 00 00 00 00 00 00 00 00 00 00 00  | ................
0x10b0: 00 00 00 00 00 00 00 00 00 00 00 00 00 00 00 00  | ................
0x10c0: 00 00 00 00 00 00 00 00                          | ........
