
=== PROSPECT #3 FULL BLOCK DUMP ===
Name: Drew Allar
PID: 3384
Block offset: 0x21d6

0x0000: 7b 22 67 65 6e 65 72 69 63 48 65 61 64 4e 61 6d  | {"genericHeadNam
0x0010: 65 22 3a 22 67 65 6e 5f 32 5f 42 5f 4e 5f 30 32  | e":"gen_2_B_N_02
0x0020: 22 2c 22 6c 6f 61 64 6f 75 74 73 22 3a 5b 7b 22  | ","loadouts":[{"
0x0030: 6c 6f 61 64 6f 75 74 43 61 74 65 67 6f 72 79 22  | loadoutCategory"
0x0040: 3a 22 48 65 61 64 22 2c 22 6c 6f 61 64 6f 75 74  | :"Head","loadout
0x0050: 54 79 70 65 22 3a 22 48 65 61 64 22 2c 22 6c 6f  | Type":"Head","lo
0x0060: 61 64 6f 75 74 45 6c 65 6d 65 6e 74 73 22 3a 5b  | adoutElements":[
0x0070: 7b 22 62 6c 65 6e 64 73 22 3a 5b 7b 7d 5d 2c 22  | {"blends":[{}],"
0x0080: 69 74 65 6d 49 6e 73 74 61 6e 63 65 54 61 67 22  | itemInstanceTag"
0x0090: 3a 22 48 65 61 64 5f 53 6b 69 6e 44 65 74 61 69  | :"Head_SkinDetai
0x00a0: 6c 73 5f 4e 6f 6e 65 22 2c 22 69 74 65 6d 41 73  | ls_None","itemAs
0x00b0: 73 65 74 4e 61 6d 65 22 3a 22 48 65 61 64 5f 53  | setName":"Head_S
0x00c0: 6b 69 6e 44 65 74 61 69 6c 73 5f 4e 6f 6e 65 22  | kinDetails_None"
0x00d0: 2c 22 73 6c 6f 74 54 79 70 65 22 3a 22 46 61 63  | ,"slotType":"Fac
0x00e0: 65 54 65 78 74 75 72 65 22 2c 22 74 72 61 6e 73  | eTexture","trans
0x00f0: 66 6f 72 6d 73 22 3a 5b 7b 7d 5d 7d 5d 7d 2c 7b  | forms":[{}]}]},{
0x0100: 22 6c 6f 61 64 6f 75 74 43 61 74 65 67 6f 72 79  | "loadoutCategory
0x0110: 22 3a 22 42 61 73 65 22 2c 22 6c 6f 61 64 6f 75  | ":"Base","loadou
0x0120: 74 45 6c 65 6d 65 6e 74 73 22 3a 5b 7b 22 69 74  | tElements":[{"it
0x0130: 65 6d 41 73 73 65 74 4e 61 6d 65 22 3a 22 53 74  | emAssetName":"St
0x0140: 61 6e 64 61 72 64 5f 42 6f 64 79 54 79 70 65 22  | andard_BodyType"
0x0150: 2c 22 73 6c 6f 74 54 79 70 65 22 3a 22 43 68 61  | ,"slotType":"Cha
0x0160: 72 61 63 74 65 72 42 6f 64 79 54 79 70 65 22 7d  | racterBodyType"}
0x0170: 5d 7d 2c 7b 22 6c 6f 61 64 6f 75 74 54 79 70 65  | ]},{"loadoutType
0x0180: 22 3a 22 50 6c 61 79 65 72 4f 6e 46 69 65 6c 64  | ":"PlayerOnField
0x0190: 22 2c 22 6f 75 74 66 69 74 54 79 70 65 22 3a 22  | ","outfitType":"
0x01a0: 46 69 65 6c 64 22 2c 22 6c 6f 61 64 6f 75 74 45  | Field","loadoutE
0x01b0: 6c 65 6d 65 6e 74 73 22 3a 5b 7b 22 69 74 65 6d  | lements":[{"item
0x01c0: 41 73 73 65 74 4e 61 6d 65 22 3a 22 47 65 61 72  | AssetName":"Gear
0x01d0: 46 61 63 65 4d 61 73 6b 5f 53 70 65 65 64 66 6c  | FaceMask_Speedfl
0x01e0: 65 78 5f 32 5f 42 61 72 5f 57 52 22 7d 2c 7b 22  | ex_2_Bar_WR"},{"
0x01f0: 69 74 65 6d 41 73 73 65 74 4e 61 6d 65 22 3a 22  | itemAssetName":"
0x0200: 45 6c 62 6f 77 47 65 61 72 5f 4e 6f 6e 65 22 2c  | ElbowGear_None",
0x0210: 22 73 6c 6f 74 54 79 70 65 22 3a 22 4c 65 66 74  | "slotType":"Left
0x0220: 45 6c 62 6f 77 57 65 61 72 22 7d 2c 7b 22 69 74  | ElbowWear"},{"it
0x0230: 65 6d 41 73 73 65 74 4e 61 6d 65 22 3a 22 45 6c  | emAssetName":"El
0x0240: 62 6f 77 47 65 61 72 5f 4e 6f 6e 65 22 2c 22 73  | bowGear_None","s
0x0250: 6c 6f 74 54 79 70 65 22 3a 22 52 69 67 68 74 45  | lotType":"RightE
0x0260: 6c 62 6f 77 57 65 61 72 22 7d 2c 7b 22 62 6c 65  | lbowWear"},{"ble
0x0270: 6e 64 73 22 3a 5b 7b 7d 5d 2c 22 69 74 65 6d 41  | nds":[{}],"itemA
0x0280: 73 73 65 74 4e 61 6d 65 22 3a 22 53 6d 61 6c 6c  | ssetName":"Small
0x0290: 5f 50 61 64 73 22 2c 22 73 6c 6f 74 54 79 70 65  | _Pads","slotType
0x02a0: 22 3a 22 53 68 6f 75 6c 64 65 72 70 61 64 73 22  | ":"Shoulderpads"
0x02b0: 7d 2c 7b 22 69 74 65 6d 41 73 73 65 74 4e 61 6d  | },{"itemAssetNam
0x02c0: 65 22 3a 22 47 65 61 72 56 69 73 6f 72 5f 4e 6f  | e":"GearVisor_No
0x02d0: 6e 65 22 2c 22 73 6c 6f 74 54 79 70 65 22 3a 22  | ne","slotType":"
0x02e0: 56 69 73 6f 72 22 7d 2c 7b 22 62 6c 65 6e 64 73  | Visor"},{"blends
0x02f0: 22 3a 5b 7b 22 62 61 72 79 63 65 6e 74 72 69 63  | ":[{"barycentric
0x0300: 42 6c 65 6e 64 22 3a 31 2e 30 2c 22 62 61 73 65  | Blend":1.0,"base
0x0310: 42 6c 65 6e 64 22 3a 31 2e 30 7d 5d 2c 22 69 74  | Blend":1.0}],"it
0x0320: 65 6d 41 73 73 65 74 4e 61 6d 65 22 3a 22 4b 6e  | emAssetName":"Kn
0x0330: 65 65 50 61 64 5f 4e 69 6b 65 22 2c 22 73 6c 6f  | eePad_Nike","slo
0x0340: 74 54 79 70 65 22 3a 22 4b 6e 65 65 57 65 61 72  | tType":"KneeWear
0x0350: 22 7d 2c 7b 22 69 74 65 6d 41 73 73 65 74 4e 61  | "},{"itemAssetNa
0x0360: 6d 65 22 3a 22 54 6f 77 65 6c 5f 4e 6f 72 74 68  | me":"Towel_North
0x0370: 22 2c 22 73 6c 6f 74 54 79 70 65 22 3a 22 54 6f  | ","slotType":"To
0x0380: 77 65 6c 22 7d 2c 7b 22 62 6c 65 6e 64 73 22 3a  | wel"},{"blends":
0x0390: 5b 7b 22 62 61 72 79 63 65 6e 74 72 69 63 42 6c  | [{"barycentricBl
0x03a0: 65 6e 64 22 3a 31 2e 30 2c 22 62 61 73 65 42 6c  | end":1.0,"baseBl
0x03b0: 65 6e 64 22 3a 31 2e 30 7d 5d 2c 22 69 74 65 6d  | end":1.0}],"item
0x03c0: 41 73 73 65 74 4e 61 6d 65 22 3a 22 54 68 69 67  | AssetName":"Thig
0x03d0: 68 50 61 64 5f 4e 69 6b 65 22 2c 22 73 6c 6f 74  | hPad_Nike","slot
0x03e0: 54 79 70 65 22 3a 22 4c 65 66 74 54 68 69 67 68  | Type":"LeftThigh
0x03f0: 57 65 61 72 22 7d 2c 7b 22 69 74 65 6d 41 73 73  | Wear"},{"itemAss
0x0400: 65 74 4e 61 6d 65 22 3a 22 47 65 61 72 57 72 69  | etName":"GearWri
0x0410: 73 74 5f 77 72 69 73 74 42 61 6e 64 43 6f 61 63  | st_wristBandCoac
0x0420: 68 5f 54 65 61 6d 43 6f 6c 6f 72 22 2c 22 73 6c  | h_TeamColor","sl
0x0430: 6f 74 54 79 70 65 22 3a 22 4c 65 66 74 57 72 69  | otType":"LeftWri
0x0440: 73 74 57 65 61 72 22 7d 2c 7b 22 62 6c 65 6e 64  | stWear"},{"blend
0x0450: 73 22 3a 5b 7b 22 62 61 72 79 63 65 6e 74 72 69  | s":[{"barycentri
0x0460: 63 42 6c 65 6e 64 22 3a 31 2e 30 2c 22 62 61 73  | cBlend":1.0,"bas
0x0470: 65 42 6c 65 6e 64 22 3a 31 2e 30 7d 5d 2c 22 69  | eBlend":1.0}],"i
0x0480: 74 65 6d 41 73 73 65 74 4e 61 6d 65 22 3a 22 54  | temAssetName":"T
0x0490: 68 69 67 68 50 61 64 5f 4e 69 6b 65 22 2c 22 73  | highPad_Nike","s
0x04a0: 6c 6f 74 54 79 70 65 22 3a 22 52 69 67 68 74 54  | lotType":"RightT
0x04b0: 68 69 67 68 57 65 61 72 22 7d 2c 7b 22 69 74 65  | highWear"},{"ite
0x04c0: 6d 41 73 73 65 74 4e 61 6d 65 22 3a 22 47 65 61  | mAssetName":"Gea
0x04d0: 72 57 72 69 73 74 5f 4e 6f 6e 65 22 2c 22 73 6c  | rWrist_None","sl
0x04e0: 6f 74 54 79 70 65 22 3a 22 52 69 67 68 74 57 72  | otType":"RightWr
0x04f0: 69 73 74 57 65 61 72 22 7d 2c 7b 22 62 6c 65 6e  | istWear"},{"blen
0x0500: 64 73 22 3a 5b 7b 22 62 61 72 79 63 65 6e 74 72  | ds":[{"barycentr
0x0510: 69 63 42 6c 65 6e 64 22 3a 30 2e 36 2c 22 62 61  | icBlend":0.6,"ba
0x0520: 73 65 42 6c 65 6e 64 22 3a 30 2e 36 7d 5d 2c 22  | seBlend":0.6}],"
0x0530: 69 74 65 6d 41 73 73 65 74 4e 61 6d 65 22 3a 22  | itemAssetName":"
0x0540: 46 6c 61 6b 6a 61 63 6b 65 74 5f 4f 6e 22 2c 22  | Flakjacket_On","
0x0550: 73 6c 6f 74 54 79 70 65 22 3a 22 46 6c 61 6b 4a  | slotType":"FlakJ
0x0560: 61 63 6b 65 74 22 7d 2c 7b 22 69 74 65 6d 41 73  | acket"},{"itemAs
0x0570: 73 65 74 4e 61 6d 65 22 3a 22 47 65 61 72 53 70  | setName":"GearSp
0x0580: 61 74 73 5f 73 70 61 74 54 68 69 6e 5f 42 6c 61  | ats_spatThin_Bla
0x0590: 63 6b 22 2c 22 73 6c 6f 74 54 79 70 65 22 3a 22  | ck","slotType":"
0x05a0: 52 69 67 68 74 53 70 61 74 22 7d 2c 7b 22 69 74  | RightSpat"},{"it
0x05b0: 65 6d 41 73 73 65 74 4e 61 6d 65 22 3a 22 47 65  | emAssetName":"Ge
0x05c0: 61 72 53 70 61 74 73 5f 73 70 61 74 54 68 69 6e  | arSpats_spatThin
0x05d0: 5f 42 6c 61 63 6b 22 2c 22 73 6c 6f 74 54 79 70  | _Black","slotTyp
0x05e0: 65 22 3a 22 4c 65 66 74 53 70 61 74 22 7d 2c 7b  | e":"LeftSpat"},{
0x05f0: 22 69 74 65 6d 41 73 73 65 74 4e 61 6d 65 22 3a  | "itemAssetName":
0x0600: 22 47 65 61 72 46 6f 6f 74 77 65 61 72 5f 73 68  | "GearFootwear_sh
0x0610: 6f 65 5f 6c 6f 77 5f 4e 69 6b 65 56 61 70 6f 72  | oe_low_NikeVapor
0x0620: 45 64 67 65 22 2c 22 73 6c 6f 74 54 79 70 65 22  | Edge","slotType"
0x0630: 3a 22 4c 65 66 74 53 68 6f 65 22 7d 2c 7b 22 69  | :"LeftShoe"},{"i
0x0640: 74 65 6d 41 73 73 65 74 4e 61 6d 65 22 3a 22 47  | temAssetName":"G
0x0650: 65 61 72 5f 4a 65 72 73 65 79 53 74 79 6c 65 5f  | ear_JerseyStyle_
0x0660: 53 6c 65 65 76 65 54 69 67 68 74 22 2c 22 73 6c  | SleeveTight","sl
0x0670: 6f 74 54 79 70 65 22 3a 22 4f 75 74 65 72 53 68  | otType":"OuterSh
0x0680: 69 72 74 22 7d 2c 7b 22 69 74 65 6d 41 73 73 65  | irt"},{"itemAsse
0x0690: 74 4e 61 6d 65 22 3a 22 47 65 61 72 46 6f 6f 74  | tName":"GearFoot
0x06a0: 77 65 61 72 5f 73 68 6f 65 5f 6c 6f 77 5f 4e 69  | wear_shoe_low_Ni
0x06b0: 6b 65 56 61 70 6f 72 45 64 67 65 22 2c 22 73 6c  | keVaporEdge","sl
0x06c0: 6f 74 54 79 70 65 22 3a 22 52 69 67 68 74 53 68  | otType":"RightSh
0x06d0: 6f 65 22 7d 2c 7b 22 69 74 65 6d 41 73 73 65 74  | oe"},{"itemAsset
0x06e0: 4e 61 6d 65 22 3a 22 47 65 61 72 48 65 6c 6d 65  | Name":"GearHelme
0x06f0: 74 5f 53 70 65 65 64 5f 46 6c 65 78 22 2c 22 73  | t_Speed_Flex","s
0x0700: 6c 6f 74 54 79 70 65 22 3a 22 48 65 61 64 57 65  | lotType":"HeadWe
0x0710: 61 72 22 7d 2c 7b 22 69 74 65 6d 41 73 73 65 74  | ar"},{"itemAsset
0x0720: 4e 61 6d 65 22 3a 22 55 6e 64 65 72 73 68 69 72  | Name":"Undershir
0x0730: 74 5f 55 6e 74 75 63 6b 65 64 22 2c 22 73 6c 6f  | t_Untucked","slo
0x0740: 74 54 79 70 65 22 3a 22 49 6e 6e 65 72 53 68 69  | tType":"InnerShi
0x0750: 72 74 22 7d 2c 7b 22 69 74 65 6d 41 73 73 65 74  | rt"},{"itemAsset
0x0760: 4e 61 6d 65 22 3a 22 47 65 61 72 5f 53 6f 63 6b  | Name":"Gear_Sock
0x0770: 73 5f 4c 6f 77 22 2c 22 73 6c 6f 74 54 79 70 65  | s_Low","slotType
0x0780: 22 3a 22 49 6e 6e 65 72 53 6f 63 6b 73 22 7d 2c  | ":"InnerSocks"},
0x0790: 7b 22 69 74 65 6d 41 73 73 65 74 4e 61 6d 65 22  | {"itemAssetName"
0x07a0: 3a 22 47 65 61 72 41 72 6d 53 6c 65 65 76 65 5f  | :"GearArmSleeve_
0x07b0: 51 75 61 72 74 65 72 5f 73 6c 65 65 76 65 4c 6f  | Quarter_sleeveLo
0x07c0: 6e 67 55 6e 64 65 72 61 72 6d 6f 72 5f 6e 6f 72  | ngUnderarmor_nor
0x07d0: 6d 61 6c 5f 54 65 61 6d 43 6f 6c 6f 72 22 2c 22  | mal_TeamColor","
0x07e0: 73 6c 6f 74 54 79 70 65 22 3a 22 4c 65 66 74 41  | slotType":"LeftA
0x07f0: 72 6d 57 65 61 72 22 7d 2c 7b 22 69 74 65 6d 41  | rmWear"},{"itemA
0x0800: 73 73 65 74 4e 61 6d 65 22 3a 22 47 65 61 72 41  | ssetName":"GearA
0x0810: 72 6d 53 6c 65 65 76 65 5f 42 61 67 67 79 5f 54  | rmSleeve_Baggy_T
0x0820: 65 61 6d 43 6f 6c 6f 72 22 2c 22 73 6c 6f 74 54  | eamColor","slotT
0x0830: 79 70 65 22 3a 22 52 69 67 68 74 41 72 6d 57 65  | ype":"RightArmWe
0x0840: 61 72 22 7d 5d 7d 5d 2c 22 73 6b 69 6e 54 6f 6e  | ar"}]}],"skinTon
0x0850: 65 22 3a 32 7d 00 00 00 00 00 00 00 00 00 00 00  | e":2}...........
0x0860: 00 00 00 00 00 00 00 00 00 00 00 00 00 00 00 00  | ................
0x0870: 00 00 00 00 00 00 00 00 00 00 00 00 00 00 00 00  | ................
0x0880: 00 00 00 00 00 00 00 00 00 00 00 00 00 00 00 00  | ................
0x0890: 00 00 00 00 00 00 00 00 00 00 00 00 00 00 00 00  | ................
0x08a0: 00 00 00 00 00 00 00 00 00 00 00 00 00 00 00 00  | ................
0x08b0: 00 00 00 00 00 00 00 00 00 00 00 00 00 00 00 00  | ................
0x08c0: 00 00 00 00 00 00 00 00 00 00 00 00 00 00 00 00  | ................
0x08d0: 00 00 00 00 00 00 00 00 00 00 00 00 00 00 00 00  | ................
0x08e0: 00 00 00 00 00 00 00 00 00 00 00 00 00 00 00 00  | ................
0x08f0: 00 00 00 00 00 00 00 00 00 00 00 00 00 00 00 00  | ................
0x0900: 00 00 00 00 00 00 00 00 00 00 00 00 00 00 00 00  | ................
0x0910: 00 00 00 00 00 00 00 00 00 00 00 00 00 00 00 00  | ................
0x0920: 00 00 00 00 00 00 00 00 00 00 00 00 00 00 00 00  | ................
0x0930: 00 00 00 00 00 00 00 00 00 00 00 00 00 00 00 00  | ................
0x0940: 00 00 00 00 00 00 00 00 00 00 00 00 00 00 00 00  | ................
0x0950: 00 00 00 00 00 00 00 00 00 00 00 00 00 00 00 00  | ................
0x0960: 00 00 00 00 00 00 00 00 00 00 00 00 00 00 00 00  | ................
0x0970: 00 00 00 00 00 00 00 00 00 00 00 00 00 00 00 00  | ................
0x0980: 00 00 00 00 00 00 00 00 00 00 00 00 00 00 00 00  | ................
0x0990: 00 00 00 00 00 00 00 00 00 00 00 00 00 00 00 00  | ................
0x09a0: 00 00 00 00 00 00 00 00 00 00 00 00 00 00 00 00  | ................
0x09b0: 00 00 00 00 00 00 00 00 00 00 00 00 00 00 00 00  | ................
0x09c0: 00 00 00 00 00 00 00 00 00 00 00 00 00 00 00 00  | ................
0x09d0: 00 00 00 00 00 00 00 00 00 00 00 00 00 00 00 00  | ................
0x09e0: 00 00 00 00 00 00 00 00 00 00 00 00 00 00 00 00  | ................
0x09f0: 00 00 00 00 00 00 00 00 00 00 00 00 00 00 00 00  | ................
0x0a00: 00 00 00 00 00 00 00 00 00 00 00 00 00 00 00 00  | ................
0x0a10: 00 00 00 00 00 00 00 00 00 00 00 00 00 00 00 00  | ................
0x0a20: 00 00 00 00 00 00 00 00 00 00 00 00 00 00 00 00  | ................
0x0a30: 00 00 00 00 00 00 00 00 00 00 00 00 00 00 00 00  | ................
0x0a40: 00 00 00 00 00 00 00 00 00 00 00 00 00 00 00 00  | ................
0x0a50: 00 00 00 00 00 00 00 00 00 00 00 00 00 00 00 00  | ................
0x0a60: 00 00 00 00 00 00 00 00 00 00 00 00 00 00 00 00  | ................
0x0a70: 00 00 00 00 00 00 00 00 00 00 00 00 00 00 00 00  | ................
0x0a80: 00 00 00 00 00 00 00 00 00 00 00 00 00 00 00 00  | ................
0x0a90: 00 00 00 00 00 00 00 00 00 00 00 00 00 00 00 00  | ................
0x0aa0: 00 00 00 00 00 00 00 00 00 00 00 00 00 00 00 00  | ................
0x0ab0: 00 00 00 00 00 00 00 00 00 00 00 00 00 00 00 00  | ................
0x0ac0: 00 00 00 00 00 00 00 00 00 00 00 00 00 00 00 00  | ................
0x0ad0: 00 00 00 00 00 00 00 00 00 00 00 00 00 00 00 00  | ................
0x0ae0: 00 00 00 00 00 00 00 00 00 00 00 00 00 00 00 00  | ................
0x0af0: 00 00 00 00 00 00 00 00 00 00 00 00 00 00 00 00  | ................
0x0b00: 00 00 00 00 00 00 00 00 00 00 00 00 00 00 00 00  | ................
0x0b10: 00 00 00 00 00 00 00 00 00 00 00 00 00 00 00 00  | ................
0x0b20: 00 00 00 00 00 00 00 00 00 00 00 00 00 00 00 00  | ................
0x0b30: 00 00 00 00 00 00 00 00 00 00 00 00 00 00 00 00  | ................
0x0b40: 00 00 00 00 00 00 00 00 00 00 00 00 00 00 00 00  | ................
0x0b50: 00 00 00 00 00 00 00 00 00 00 00 00 00 00 00 00  | ................
0x0b60: 00 00 00 00 00 00 00 00 00 00 00 00 00 00 00 00  | ................
0x0b70: 00 00 00 00 00 00 00 00 00 00 00 00 00 00 00 00  | ................
0x0b80: 00 00 00 00 00 00 00 00 00 00 00 00 00 00 00 00  | ................
0x0b90: 00 00 00 00 00 00 00 00 00 00 00 00 00 00 00 00  | ................
0x0ba0: 00 00 00 00 00 00 00 00 00 00 00 00 00 00 00 00  | ................
0x0bb0: 00 00 00 00 00 00 00 00 00 00 00 00 00 00 00 00  | ................
0x0bc0: 00 00 00 00 00 00 00 00 00 00 00 00 00 00 00 00  | ................
0x0bd0: 00 00 00 00 00 00 00 00 00 00 00 00 00 00 00 00  | ................
0x0be0: 00 00 00 00 00 00 00 00 00 00 00 00 00 00 00 00  | ................
0x0bf0: 00 00 00 00 00 00 00 00 00 00 00 00 00 00 00 00  | ................
0x0c00: 00 00 00 00 00 00 00 00 00 00 00 00 00 00 00 00  | ................
0x0c10: 00 00 00 00 00 00 00 00 00 00 00 00 00 00 00 00  | ................
0x0c20: 00 00 00 00 00 00 00 00 00 00 00 00 00 00 00 00  | ................
0x0c30: 00 00 00 00 00 00 00 00 00 00 00 00 00 00 00 00  | ................
0x0c40: 00 00 00 00 00 00 00 00 00 00 00 00 00 00 00 00  | ................
0x0c50: 00 00 00 00 00 00 00 00 00 00 00 00 00 00 00 00  | ................
0x0c60: 00 00 00 00 00 00 00 00 00 00 00 00 00 00 00 00  | ................
0x0c70: 00 00 00 00 00 00 00 00 00 00 00 00 00 00 00 00  | ................
0x0c80: 00 00 00 00 00 00 00 00 00 00 00 00 00 00 00 00  | ................
0x0c90: 00 00 00 00 00 00 00 00 00 00 00 00 00 00 00 00  | ................
0x0ca0: 00 00 00 00 00 00 00 00 00 00 00 00 00 00 00 00  | ................
0x0cb0: 00 00 00 00 00 00 00 00 00 00 00 00 00 00 00 00  | ................
0x0cc0: 00 00 00 00 00 00 00 00 00 00 00 00 00 00 00 00  | ................
0x0cd0: 00 00 00 00 00 00 00 00 00 00 00 00 00 00 00 00  | ................
0x0ce0: 00 00 00 00 00 00 00 00 00 00 00 00 00 00 00 00  | ................
0x0cf0: 00 00 00 00 00 00 00 00 00 00 00 00 00 00 00 00  | ................
0x0d00: 00 00 00 00 00 00 00 00 00 00 00 00 00 00 00 00  | ................
0x0d10: 00 00 00 00 00 00 00 00 00 00 00 00 00 00 00 00  | ................
0x0d20: 00 00 00 00 00 00 00 00 00 00 00 00 00 00 00 00  | ................
0x0d30: 00 00 00 00 00 00 00 00 00 00 00 00 00 00 00 00  | ................
0x0d40: 00 00 00 00 00 00 00 00 00 00 00 00 00 00 00 00  | ................
0x0d50: 00 00 00 00 00 00 00 00 00 00 00 00 00 00 00 00  | ................
0x0d60: 00 00 00 00 00 00 00 00 00 00 00 00 00 00 00 00  | ................
0x0d70: 00 00 00 00 00 00 00 00 00 00 00 00 00 00 00 00  | ................
0x0d80: 00 00 00 00 00 00 00 00 00 00 00 00 00 00 00 00  | ................
0x0d90: 00 00 00 00 00 00 00 00 00 00 00 00 00 00 00 00  | ................
0x0da0: 00 00 00 00 00 00 00 00 00 00 00 00 00 00 00 00  | ................
0x0db0: 00 00 00 00 00 00 00 00 00 00 00 00 00 00 00 00  | ................
0x0dc0: 00 00 00 00 00 00 00 00 00 00 00 00 00 00 00 00  | ................
0x0dd0: 00 00 00 00 00 00 00 00 00 00 00 00 00 00 00 00  | ................
0x0de0: 00 00 00 00 00 00 00 00 00 00 00 00 00 00 00 00  | ................
0x0df0: 00 00 00 00 00 00 00 00 00 00 00 00 00 00 00 00  | ................
0x0e00: 00 00 00 00 00 00 00 00 00 00 00 00 00 00 00 00  | ................
0x0e10: 00 00 00 00 00 00 00 00 00 00 00 00 00 00 00 00  | ................
0x0e20: 00 00 00 00 00 00 00 00 00 00 00 00 00 00 00 00  | ................
0x0e30: 00 00 00 00 00 00 00 00 00 00 00 00 00 00 00 00  | ................
0x0e40: 00 00 00 00 00 00 00 00 00 00 00 00 00 00 00 00  | ................
0x0e50: 00 00 00 00 00 00 00 00 00 00 00 00 00 00 00 00  | ................
0x0e60: 00 00 00 00 00 00 00 00 00 00 00 00 00 00 00 00  | ................
0x0e70: 00 00 00 00 00 00 00 00 00 00 00 00 00 00 00 00  | ................
0x0e80: 00 00 00 00 00 00 00 00 00 00 00 00 00 00 00 00  | ................
0x0e90: 00 00 00 00 00 00 00 00 00 00 00 00 00 00 00 00  | ................
0x0ea0: 00 00 00 00 00 00 00 00 00 00 00 00 00 00 00 00  | ................
0x0eb0: 00 00 00 00 00 00 00 00 00 00 00 00 00 00 00 00  | ................
0x0ec0: 00 00 00 00 00 00 00 00 00 00 00 00 00 00 00 00  | ................
0x0ed0: 00 00 00 00 00 00 00 00 00 00 00 00 00 00 00 00  | ................
0x0ee0: 00 00 00 00 00 00 00 00 00 00 00 00 00 00 00 00  | ................
0x0ef0: 00 00 00 00 00 00 00 00 00 00 00 00 00 00 00 00  | ................
0x0f00: 00 00 00 00 00 00 00 00 00 00 00 00 00 00 00 00  | ................
0x0f10: 00 00 00 00 00 00 00 00 00 00 00 00 00 00 00 00  | ................
0x0f20: 00 00 00 00 00 00 00 00 00 00 00 00 00 00 00 00  | ................
0x0f30: 00 00 00 00 00 00 00 00 00 00 00 00 00 00 00 00  | ................
0x0f40: 00 00 00 00 00 00 00 00 00 00 00 00 00 00 00 00  | ................
0x0f50: 00 00 00 00 00 00 00 00 00 00 00 00 00 00 00 00  | ................
0x0f60: 00 00 00 00 00 00 00 00 00 00 00 00 00 00 00 00  | ................
0x0f70: 00 00 00 00 00 00 00 00 00 00 00 00 00 00 00 00  | ................
0x0f80: 00 00 00 00 00 00 00 00 00 00 00 00 00 00 00 00  | ................
0x0f90: 00 00 00 00 00 00 00 00 00 00 00 00 00 00 00 00  | ................
0x0fa0: 00 00 00 00 00 00 00 00 00 00 00 00 00 00 00 00  | ................
0x0fb0: 00 00 00 00 00 00 00 00 00 00 00 00 00 00 00 00  | ................
0x0fc0: 00 00 00 00 00 00 00 00 00 00 00 00 00 00 00 00  | ................
0x0fd0: 00 00 00 00 00 00 00 00 00 00 00 00 00 00 00 00  | ................
0x0fe0: 00 00 00 00 00 00 00 00 00 00 00 00 00 00 00 00  | ................
0x0ff0: 00 00 00 00 00 00 00 00 00 00 00 00 00 00 00 00  | ................
0x1000: 44 72 65 77 00 00 00 00 00 00 00 00 00 00 00 00  | Drew............
0x1010: 00 41 6c 6c 61 72 00 00 00 00 00 00 00 00 00 00  | .Allar..........
0x1020: 00 00 00 00 00 00 0d 50 4c 41 43 45 48 4f 4c 44  | .......PLACEHOLD
0x1030: 45 52 00 00 00 00 00 00 00 00 00 00 00 00 00 00  | ER..............
0x1040: 00 00 a5 00 d8 97 16 4d 4e 00 00 01 0f 00 02 00  | .......MN.......
0x1050: 01 4c 53 4f 3f 45 17 4b 41 48 2b 27 4d 17 37 37  | .LSO?E.KAH+'M.77
0x1060: 5b 44 4f 23 24 22 34 7f 15 0a 0a 0b 59 55 44 1f  | [DO#$"4.....YUD.
0x1070: 17 18 26 1c 1b 25 30 2e 3e 01 27 51 40 5c 4b 48  | ..&..%0.>.'Q@\KH
0x1080: 2e 51 56 14 55 4f 62 45 61 49 17 32 01 00 00 00  | .QV.UObEaI.2....
0x1090: 00 00 38 0d 0c 0c 00 00 00 00 23 00 ff 7f 00 00  | ..8.......#.....
0x10a0: 00 00 00 00 00 00 00 00 00 00 00 00 00 00 00 00  | ................
0x10b0: 00 00 00 00 00 00 00 00 00 00 00 00 00 00 00 00  | ................
0x10c0: 00 00 00 00 00 00 00 00                          | ........
